# begin reportfile
# hostname: alveare
# begin parameters
rDebug=0
seed=1331067481203
stopT=100
sizeX=80
sizeY=80
activationOrder=0
diffusionK=0.85
evapRate=0.988
exogRate=0.4
initialAgentsFileName=
initialParametersFileName=
numAnts=100
outputDirName=./
probRandMoveMean=0.45
probRandMoveSD=0.3
reportFrequency=1
reportFileName=report
runNumber=0
randomMoveMethod=0
saveRunEndState=0
# end parameters
#                    
#       Num    avg    AveDist 
# time  Ants   AntX   toSource
    0     0      0.00 
    1     1     39.00 
    2     2     40.50 
    3     3     41.33 
    4     4     40.50 
    5     5     41.20 
    6     6     40.67 
    7     7     40.00 
    8     8     39.88 
    9     9     40.11 
   10    10     40.10 
   11    11     40.09 
   12    12     40.25 
   13    12     40.83 
   14    12     41.00 
   15    13     41.54 
   16    13     41.62 
   17    14     41.50 
   18    15     41.20 
   19    15     41.47 
   20    15     41.93 
   21    16     41.88 
   22    17     41.76 
   23    18     41.56 
   24    18     41.28 
   25    19     41.21 
   26    19     41.47 
   27    20     41.50 
   28    21     41.29 
   29    22     41.32 
   30    23     41.30 
   31    23     41.39 
   32    24     40.88 
   33    25     41.04 
   34    26     40.85 
   35    27     40.89 
   36    27     41.00 
   37    27     40.89 
   38    27     40.81 
   39    28     40.79 
   40    28     40.71 
   41    29     40.69 
   42    29     40.83 
   43    30     41.00 
   44    31     41.29 
   45    32     41.47 
   46    33     41.64 
   47    33     41.82 
   48    34     42.00 
   49    34     42.15 
   50    35     42.00 
   51    35     42.14 
   52    36     42.03 
   53    37     42.11 
   54    38     42.13 
   55    39     42.28 
   56    39     42.38 
   57    40     42.40 
   58    41     42.46 
   59    42     42.50 
   60    43     42.44 
   61    43     42.63 
   62    44     42.82 
   63    45     42.82 
   64    45     42.89 
   65    46     42.78 
   66    47     42.79 
   67    47     42.91 
   68    47     43.15 
   69    48     43.48 
   70    49     43.80 
   71    50     44.02 
   72    51     44.24 
   73    52     44.29 
   74    53     44.40 
   75    53     44.58 
   76    54     44.44 
   77    55     44.51 
   78    56     44.48 
   79    56     44.55 
   80    57     44.49 
   81    57     44.84 
   82    58     44.78 
   83    59     44.58 
   84    60     44.37 
   85    61     44.38 
   86    61     44.38 
   87    62     44.32 
   88    63     44.32 
   89    63     44.25 
   90    64     44.09 
   91    65     44.22 
   92    66     44.00 
   93    67     44.07 
   94    67     44.25 
   95    67     44.28 
   96    67     44.27 
   97    68     44.28 
   98    68     44.43 
   99    69     44.49 
  100    70     44.54 
  101    71     44.63 
  102    71     44.61 
  103    71     44.73 
  104    72     44.83 
  105    73     45.03 
  106    73     44.99 
  107    74     45.03 
  108    75     45.12 
  109    75     45.01 
  110    76     44.99 
  111    77     45.01 
  112    78     45.12 
  113    78     45.23 
  114    79     45.11 
  115    80     45.20 
  116    81     45.19 
  117    82     45.17 
  118    82     45.30 
  119    83     45.41 
  120    84     45.44 
  121    85     45.52 
  122    86     45.52 
  123    86     45.65 
  124    87     45.55 
  125    88     45.45 
  126    88     45.47 
  127    89     45.39 
  128    90     45.42 
  129    91     45.36 
  130    91     45.30 
  131    92     45.23 
  132    92     45.29 
  133    93     45.34 
  134    94     45.39 
  135    95     45.45 
  136    95     45.54 
  137    96     45.70 
  138    97     45.76 
  139    97     45.73 
  140    98     45.81 
  141    99     45.83 
  142    99     45.89 
  143   100     46.02 
  144   101     46.04 
  145   101     46.07 
  146   101     46.19 
  147   101     46.24 
  148   101     46.37 
  149   101     46.50 
  150   101     46.56 
  151   101     46.60 
  152   101     46.73 
  153   101     46.74 
  154   101     46.80 
  155   101     46.93 
  156   101     47.08 
  157   101     47.15 
  158   101     47.31 
  159   101     47.18 
  160   101     47.26 
  161   101     47.20 
  162   101     47.27 
  163   101     47.25 
  164   101     47.09 
  165   101     47.17 
  166   101     47.00 
  167   101     47.02 
  168   101     46.98 
  169   101     47.02 
  170   101     47.07 
  171   101     47.15 
  172   101     47.12 
  173   101     47.01 
  174   101     47.04 
  175   101     47.13 
  176   101     47.15 
  177   101     47.33 
  178   101     47.41 
  179   101     47.27 
  180   101     47.27 
  181   101     47.20 
  182   101     47.23 
  183   101     47.22 
  184   101     47.17 
  185   101     47.12 
  186   101     47.24 
  187   101     47.16 
  188   101     47.23 
  189   101     47.45 
  190   101     47.51 
  191   101     47.69 
  192   101     47.86 
  193   101     47.87 
  194   101     47.91 
  195   101     47.85 
  196   101     47.76 
  197   101     47.58 
  198   101     47.52 
  199   101     47.53 
  200   101     47.49 
  201   101     47.65 
  202   101     47.74 
  203   101     47.80 
  204   101     47.94 
  205   101     47.90 
  206   101     47.89 
  207   101     47.84 
  208   101     47.66 
  209   101     47.67 
  210   101     47.84 
  211   101     47.89 
  212   101     47.75 
  213   101     47.77 
  214   101     47.90 
  215   101     47.83 
  216   101     47.89 
  217   101     47.75 
  218   101     47.82 
  219   101     47.82 
  220   101     47.81 
  221   101     47.80 
  222   101     47.79 
  223   101     47.88 
  224   101     48.00 
  225   101     48.06 
  226   101     48.08 
  227   101     48.33 
  228   101     48.38 
  229   101     48.35 
  230   101     48.46 
  231   101     48.64 
  232   101     48.78 
  233   101     48.89 
  234   101     49.05 
  235   101     49.14 
  236   101     49.31 
  237   101     49.46 
  238   101     49.45 
  239   101     49.42 
  240   101     49.37 
  241   101     49.23 
  242   101     49.04 
  243   101     49.03 
  244   101     48.94 
  245   101     48.93 
  246   101     49.00 
  247   101     48.96 
  248   101     48.87 
  249   101     48.63 
  250   101     48.55 
  251   101     48.41 
  252   101     48.44 
  253   101     48.29 
  254   101     48.18 
  255   101     48.17 
  256   101     48.11 
  257   101     48.03 
  258   101     48.06 
  259   101     48.05 
  260   101     47.99 
  261   101     47.92 
  262   101     47.87 
  263   101     47.95 
  264   101     48.05 
  265   101     48.07 
  266   101     48.01 
  267   101     48.07 
  268   101     48.06 
  269   101     48.05 
  270   101     47.95 
  271   101     47.73 
  272   101     47.68 
  273   101     47.63 
  274   101     47.67 
  275   101     47.62 
  276   101     47.56 
  277   101     47.48 
  278   101     47.45 
  279   101     47.34 
  280   101     47.29 
  281   101     47.29 
  282   101     47.28 
  283   101     47.28 
  284   101     47.25 
  285   101     47.31 
  286   101     47.18 
  287   101     47.22 
  288   101     47.20 
  289   101     47.06 
  290   101     47.10 
  291   101     47.01 
  292   101     47.04 
  293   101     47.04 
  294   101     47.04 
  295   101     47.11 
  296   101     47.21 
  297   101     47.21 
  298   101     47.32 
  299   101     47.39 
  300   101     47.40 
  301   101     47.41 
  302   101     47.50 
  303   101     47.50 
  304   101     47.51 
  305   101     47.52 
  306   101     47.52 
  307   101     47.46 
  308   101     47.59 
  309   101     47.57 
  310   101     47.57 
  311   101     47.52 
  312   101     47.49 
  313   101     47.44 
  314   101     47.41 
  315   101     47.41 
  316   101     47.30 
  317   101     47.38 
  318   101     47.51 
  319   101     47.51 
  320   101     47.53 
  321   101     47.58 
  322   101     47.71 
  323   101     47.72 
  324   101     47.64 
  325   101     47.75 
  326   101     47.78 
  327   101     47.72 
  328   101     47.65 
  329   101     47.79 
  330   101     47.91 
  331   101     47.95 
  332   101     47.98 
  333   101     48.03 
  334   101     48.00 
  335   101     48.19 
  336   101     48.38 
  337   101     48.37 
  338   101     48.57 
  339   101     48.48 
  340   101     48.63 
  341   101     48.79 
  342   101     48.83 
  343   101     49.09 
  344   101     49.34 
  345   101     49.52 
  346   101     49.81 
  347   101     50.00 
  348   101     49.95 
  349   101     49.99 
  350   101     50.18 
  351   101     50.33 
  352   101     50.23 
  353   101     50.41 
  354   101     50.50 
  355   101     50.39 
  356   101     50.37 
  357   101     50.49 
  358   101     50.56 
  359   101     50.47 
  360   101     50.41 
  361   101     50.39 
  362   101     50.38 
  363   101     50.38 
  364   101     50.27 
  365   101     50.27 
  366   101     50.24 
  367   101     50.22 
  368   101     50.17 
  369   101     50.10 
  370   101     50.18 
  371   101     50.16 
  372   101     50.11 
  373   101     50.08 
  374   101     50.06 
  375   101     50.11 
  376   101     49.98 
  377   101     50.01 
  378   101     49.80 
  379   101     49.74 
  380   101     49.80 
  381   101     49.93 
  382   101     50.00 
  383   101     49.98 
  384   101     50.11 
  385   101     50.14 
  386   101     50.07 
  387   101     50.11 
  388   101     50.00 
  389   101     50.17 
  390   101     50.12 
  391   101     50.13 
  392   101     50.23 
  393   101     50.29 
  394   101     50.36 
  395   101     50.28 
  396   101     50.30 
  397   101     50.19 
  398   101     50.02 
  399   101     49.99 
  400   101     50.06 
  401   101     49.99 
  402   101     49.87 
  403   101     49.88 
  404   101     49.88 
  405   101     49.82 
  406   101     49.79 
  407   101     49.83 
  408   101     49.87 
  409   101     49.91 
  410   101     49.83 
  411   101     49.63 
  412   101     49.50 
  413   101     49.53 
  414   101     49.45 
  415   101     49.50 
  416   101     49.43 
  417   101     49.36 
  418   101     49.41 
  419   101     49.32 
  420   101     49.40 
  421   101     49.44 
  422   101     49.45 
  423   101     49.36 
  424   101     49.41 
  425   101     49.28 
  426   101     49.23 
  427   101     49.35 
  428   101     49.33 
  429   101     49.28 
  430   101     49.26 
  431   101     49.25 
  432   101     49.37 
  433   101     49.28 
  434   101     49.42 
  435   101     49.26 
  436   101     49.30 
  437   101     49.27 
  438   101     49.19 
  439   101     49.33 
  440   101     49.50 
  441   101     49.54 
  442   101     49.57 
  443   101     49.52 
  444   101     49.57 
  445   101     49.54 
  446   101     49.50 
  447   101     49.37 
  448   101     49.30 
  449   101     49.32 
  450   101     49.33 
  451   101     49.39 
  452   101     49.32 
  453   101     49.39 
  454   101     49.37 
  455   101     49.37 
  456   101     49.24 
  457   101     49.40 
  458   101     49.37 
  459   101     49.39 
  460   101     49.47 
  461   101     49.55 
  462   101     49.60 
  463   101     49.62 
  464   101     49.56 
  465   101     49.57 
  466   101     49.60 
  467   101     49.60 
  468   101     49.57 
  469   101     49.53 
  470   101     49.55 
  471   101     49.58 
  472   101     49.72 
  473   101     49.84 
  474   101     49.76 
  475   101     49.75 
  476   101     49.65 
  477   101     49.50 
  478   101     49.55 
  479   101     49.47 
  480   101     49.50 
  481   101     49.44 
  482   101     49.52 
  483   101     49.54 
  484   101     49.54 
  485   101     49.54 
  486   101     49.51 
  487   101     49.47 
  488   101     49.42 
  489   101     49.39 
  490   101     49.45 
  491   101     49.45 
  492   101     49.37 
  493   101     49.46 
  494   101     49.47 
  495   101     49.63 
  496   101     49.57 
  497   101     49.64 
  498   101     49.63 
  499   101     49.64 
  500   101     49.66 
  501   101     49.69 
  502   101     49.74 
  503   101     49.67 
  504   101     49.68 
  505   101     49.68 
  506   101     49.60 
  507   101     49.60 
  508   101     49.52 
  509   101     49.60 
  510   101     49.61 
  511   101     49.64 
  512   101     49.56 
  513   101     49.59 
  514   101     49.47 
  515   101     49.50 
  516   101     49.42 
  517   101     49.37 
  518   101     49.37 
  519   101     49.35 
  520   101     49.36 
  521   101     49.26 
  522   101     49.20 
  523   101     49.19 
  524   101     49.19 
  525   101     49.13 
  526   101     49.11 
  527   101     49.05 
  528   101     49.07 
  529   101     49.20 
  530   101     49.27 
  531   101     49.33 
  532   101     49.26 
  533   101     49.37 
  534   101     49.35 
  535   101     49.44 
  536   101     49.33 
  537   101     49.45 
  538   101     49.43 
  539   101     49.31 
  540   101     49.33 
  541   101     49.29 
  542   101     49.41 
  543   101     49.36 
  544   101     49.33 
  545   101     49.32 
  546   101     49.23 
  547   101     49.27 
  548   101     49.16 
  549   101     49.10 
  550   101     49.04 
  551   101     48.96 
  552   101     48.85 
  553   101     48.87 
  554   101     48.80 
  555   101     48.80 
  556   101     48.80 
  557   101     48.81 
  558   101     48.76 
  559   101     48.83 
  560   101     48.76 
  561   101     48.86 
  562   101     48.89 
  563   101     48.89 
  564   101     48.96 
  565   101     48.88 
  566   101     48.96 
  567   101     49.03 
  568   101     49.04 
  569   101     49.10 
  570   101     49.20 
  571   101     49.15 
  572   101     49.02 
  573   101     48.98 
  574   101     48.94 
  575   101     48.94 
  576   101     48.93 
  577   101     48.95 
  578   101     48.96 
  579   101     48.92 
  580   101     48.94 
  581   101     49.03 
  582   101     48.91 
  583   101     48.83 
  584   101     48.73 
  585   101     48.85 
  586   101     48.78 
  587   101     48.78 
  588   101     48.76 
  589   101     48.87 
  590   101     48.93 
  591   101     48.99 
  592   101     49.02 
  593   101     48.98 
  594   101     49.04 
  595   101     48.98 
  596   101     48.93 
  597   101     48.84 
  598   101     48.83 
  599   101     48.77 
  600   101     48.62 
  601   101     48.67 
  602   101     48.73 
  603   101     48.68 
  604   101     48.72 
  605   101     48.81 
  606   101     48.80 
  607   101     48.79 
  608   101     48.75 
  609   101     48.67 
  610   101     48.81 
  611   101     48.86 
  612   101     48.89 
  613   101     48.81 
  614   101     48.86 
  615   101     48.89 
  616   101     49.04 
  617   101     49.07 
  618   101     49.09 
  619   101     49.19 
  620   101     49.23 
  621   101     49.21 
  622   101     49.29 
  623   101     49.23 
  624   101     49.25 
  625   101     49.34 
  626   101     49.25 
  627   101     49.31 
  628   101     49.19 
  629   101     49.24 
  630   101     49.24 
  631   101     49.31 
  632   101     49.29 
  633   101     49.09 
  634   101     49.06 
  635   101     49.04 
  636   101     49.03 
  637   101     49.06 
  638   101     49.16 
  639   101     49.12 
  640   101     49.17 
  641   101     49.16 
  642   101     49.15 
  643   101     49.23 
  644   101     49.18 
  645   101     49.09 
  646   101     49.01 
  647   101     49.02 
  648   101     49.11 
  649   101     49.15 
  650   101     49.14 
  651   101     49.05 
  652   101     48.98 
  653   101     48.97 
  654   101     48.84 
  655   101     48.89 
  656   101     48.81 
  657   101     48.65 
  658   101     48.57 
  659   101     48.80 
  660   101     48.73 
  661   101     48.80 
  662   101     48.81 
  663   101     48.92 
  664   101     49.03 
  665   101     48.89 
  666   101     48.87 
  667   101     48.78 
  668   101     48.78 
  669   101     48.83 
  670   101     48.88 
  671   101     48.90 
  672   101     48.82 
  673   101     48.83 
  674   101     48.80 
  675   101     48.84 
  676   101     48.75 
  677   101     48.86 
  678   101     48.89 
  679   101     48.93 
  680   101     48.92 
  681   101     48.90 
  682   101     48.80 
  683   101     48.97 
  684   101     48.91 
  685   101     48.99 
  686   101     49.01 
  687   101     48.96 
  688   101     48.97 
  689   101     48.89 
  690   101     48.84 
  691   101     48.89 
  692   101     48.88 
  693   101     48.86 
  694   101     48.70 
  695   101     48.67 
  696   101     48.70 
  697   101     48.68 
  698   101     48.67 
  699   101     48.63 
  700   101     48.58 
  701   101     48.61 
  702   101     48.80 
  703   101     48.76 
  704   101     48.67 
  705   101     48.66 
  706   101     48.74 
  707   101     48.63 
  708   101     48.53 
  709   101     48.43 
  710   101     48.26 
  711   101     48.27 
  712   101     48.24 
  713   101     48.24 
  714   101     48.19 
  715   101     48.03 
  716   101     48.00 
  717   101     48.02 
  718   101     48.00 
  719   101     47.98 
  720   101     48.11 
  721   101     48.04 
  722   101     48.12 
  723   101     48.14 
  724   101     48.16 
  725   101     48.21 
  726   101     48.29 
  727   101     48.22 
  728   101     48.25 
  729   101     48.18 
  730   101     48.27 
  731   101     48.27 
  732   101     48.27 
  733   101     48.20 
  734   101     48.16 
  735   101     47.97 
  736   101     47.78 
  737   101     47.70 
  738   101     47.59 
  739   101     47.51 
  740   101     47.42 
  741   101     47.35 
  742   101     47.37 
  743   101     47.35 
  744   101     47.14 
  745   101     47.12 
  746   101     47.01 
  747   101     46.85 
  748   101     46.72 
  749   101     46.65 
  750   101     46.62 
  751   101     46.56 
  752   101     46.50 
  753   101     46.29 
  754   101     46.24 
  755   101     46.25 
  756   101     45.97 
  757   101     45.96 
  758   101     45.89 
  759   101     45.77 
  760   101     45.73 
  761   101     45.63 
  762   101     45.53 
  763   101     45.48 
  764   101     45.40 
  765   101     45.33 
  766   101     45.28 
  767   101     45.27 
  768   101     45.21 
  769   101     45.14 
  770   101     45.11 
  771   101     45.12 
  772   101     45.01 
  773   101     44.86 
  774   101     44.79 
  775   101     44.70 
  776   101     44.79 
  777   101     44.86 
  778   101     44.85 
  779   101     44.83 
  780   101     44.77 
  781   101     44.57 
  782   101     44.41 
  783   101     44.51 
  784   101     44.47 
  785   101     44.48 
  786   101     44.30 
  787   101     44.35 
  788   101     44.37 
  789   101     44.34 
  790   101     44.38 
  791   101     44.32 
  792   101     44.33 
  793   101     44.20 
  794   101     44.19 
  795   101     44.03 
  796   101     43.95 
  797   101     43.90 
  798   101     43.90 
  799   101     43.74 
  800   101     43.04 
  801   101     42.92 
  802   101     42.78 
  803   101     42.64 
  804   101     42.63 
  805   101     42.69 
  806   101     42.64 
  807   101     42.66 
  808   101     42.61 
  809   101     42.47 
  810   101     42.41 
  811   101     42.34 
  812   101     43.09 
  813   101     42.97 
  814   101     43.02 
  815   101     42.97 
  816   101     42.85 
  817   101     42.89 
  818   101     42.80 
  819   101     42.81 
  820   101     41.92 
  821   101     42.66 
  822   101     41.91 
  823   101     41.76 
  824   101     41.67 
  825   101     42.20 
  826   101     41.16 
  827   101     41.82 
  828   101     40.79 
  829   101     40.61 
  830   101     40.56 
  831   101     40.43 
  832   101     41.12 
  833   101     41.09 
  834   101     40.97 
  835   101     40.21 
  836   101     40.21 
  837   101     40.08 
  838   101     40.19 
  839   101     40.09 
  840   101     39.96 
  841   101     39.91 
  842   101     40.75 
  843   101     40.59 
  844   101     39.87 
  845   101     39.95 
  846   101     39.89 
  847   101     39.92 
  848   101     40.03 
  849   101     39.83 
  850   101     39.87 
  851   101     39.84 
  852   101     39.77 
  853   101     39.61 
  854   101     39.55 
  855   101     39.50 
  856   101     39.47 
  857   101     39.43 
  858   101     39.53 
  859   101     39.43 
  860   101     39.38 
  861   101     39.36 
  862   101     39.24 
  863   101     38.50 
  864   101     38.43 
  865   101     38.44 
  866   101     39.12 
  867   101     39.09 
  868   101     39.04 
  869   101     39.08 
  870   101     39.13 
  871   101     39.04 
  872   101     39.01 
  873   101     38.98 
  874   101     38.89 
  875   101     39.06 
  876   101     38.98 
  877   101     38.94 
  878   101     38.88 
  879   101     38.81 
  880   101     38.88 
  881   101     39.01 
  882   101     38.18 
  883   101     38.93 
  884   101     39.03 
  885   101     39.10 
  886   101     39.05 
  887   101     38.34 
  888   101     39.22 
  889   101     39.19 
  890   101     38.26 
  891   101     38.35 
  892   101     38.41 
  893   101     38.24 
  894   101     38.19 
  895   101     38.18 
  896   101     38.20 
  897   101     38.02 
  898   101     37.97 
  899   101     38.03 
  900   101     38.04 
  901   101     37.99 
  902   101     37.94 
  903   101     37.87 
  904   101     37.74 
  905   101     37.83 
  906   101     37.77 
  907   101     37.72 
  908   101     37.71 
  909   101     37.70 
  910   101     37.79 
  911   101     37.82 
  912   101     37.80 
  913   101     37.63 
  914   101     37.54 
  915   101     37.38 
  916   101     37.44 
  917   101     37.39 
  918   101     37.41 
  919   101     37.51 
  920   101     37.47 
  921   101     37.47 
  922   101     37.58 
  923   101     37.39 
  924   101     37.42 
  925   101     37.33 
  926   101     37.25 
  927   101     37.31 
  928   101     37.30 
  929   101     37.32 
  930   101     37.38 
  931   101     37.46 
  932   101     37.49 
  933   101     37.53 
  934   101     37.51 
  935   101     37.49 
  936   101     37.62 
  937   101     37.71 
  938   101     37.70 
  939   101     37.73 
  940   101     37.66 
  941   101     37.77 
  942   101     37.83 
  943   101     37.65 
  944   101     36.80 
  945   101     37.53 
  946   101     36.68 
  947   101     36.73 
  948   101     36.77 
  949   101     36.62 
  950   101     36.61 
  951   101     36.64 
  952   101     36.54 
  953   101     35.76 
  954   101     35.66 
  955   101     35.60 
  956   101     35.53 
  957   101     35.59 
  958   101     35.74 
  959   101     35.74 
  960   101     35.71 
  961   101     35.65 
  962   101     35.67 
  963   101     35.74 
  964   101     35.64 
  965   101     35.71 
  966   101     35.77 
  967   101     35.91 
  968   101     35.95 
  969   101     35.91 
  970   101     35.85 
  971   101     35.92 
  972   101     35.81 
  973   101     35.73 
  974   101     35.76 
  975   101     35.64 
  976   101     34.75 
  977   101     34.78 
  978   101     34.75 
  979   101     34.47 
  980   101     34.17 
  981   101     33.93 
  982   101     33.75 
  983   101     33.57 
  984   101     33.37 
  985   101     33.13 
# hostname: alveare
# end report file
